101 a 60.000000 70.000000 80.000000 210.000000
102 b 65.000000 75.000000 80.000000 220.000000
103 c 30.000000 40.000000 50.000000 120.000000
104 d 20.000000 50.000000 70.000000 140.000000
105 e 60.000000 80.000000 90.000000 230.000000
103 c 30.000000 40.000000 50.000000 240.000000
104 d 20.000000 50.000000 70.000000 280.000000
101 a 60.000000 70.000000 80.000000 420.000000
102 b 65.000000 75.000000 80.000000 440.000000
105 e 60.000000 80.000000 90.000000 460.000000
106 f 30.000000 25.000000 65.000000 160.000000
